1.0000000 0.0000000
0.9895466 -0.0031964
0.9725926 -0.0058207
0.9523617 -0.0090305
0.9282903 -0.0128403
0.9006982 -0.0172491
0.8710798 -0.0220490
0.8408232 -0.0270659
0.8109870 -0.0319852
0.7824057 -0.0363515
0.7550871 -0.0399138
0.7287331 -0.0425272
0.7027822 -0.0440712
0.6760916 -0.0444881
0.6473520 -0.0442188
0.6170740 -0.0440037
0.5857764 -0.0440247
0.5537822 -0.0441393
0.5214962 -0.0442025
0.4889873 -0.0441940
0.4563726 -0.0441708
0.4237720 -0.0441863
0.3912825 -0.0442102
0.3591419 -0.0441551
0.3272986 -0.0439345
0.2956714 -0.0435982
0.2648420 -0.0433914
0.2350414 -0.0435555
0.2058903 -0.0442079
0.1778570 -0.0449412
0.1522149 -0.0452215
0.1292386 -0.0447995
0.1088790 -0.0436609
0.0910816 -0.0419303
0.0757470 -0.0397809
0.0626654 -0.0374565
0.0516048 -0.0351952
0.0422665 -0.0331303
0.0343656 -0.0312235
0.0276386 -0.0292259
0.0218702 -0.0269739
0.0169149 -0.0244214
0.0126773 -0.0215901
0.0090968 -0.0185218
0.0061393 -0.0152582
0.0037803 -0.0118492
0.0020047 -0.0083462
0.0008158 -0.0047986
0.0002167 -0.0012682
0.0001536 0.0022137
0.0005839 0.0057713
0.0015538 0.0094357
0.0031154 0.0131560
0.0052727 0.0169158
0.0079968 0.0207447
0.0112572 0.0247120
0.0150860 0.0288607
0.0195945 0.0331871
0.0249200 0.0376887
0.0312379 0.0423725
0.0387627 0.0472795
0.0477555 0.0525006
0.0584939 0.0581668
0.0712150 0.0642891
0.0861012 0.0707173
0.1031822 0.0772271
0.1223482 0.0835709
0.1433944 0.0895450
0.1660609 0.0950183
0.1899971 0.0999030
0.2148237 0.1041033
0.2403063 0.1075523
0.2663099 0.1102314
0.2927593 0.1121414
0.3196160 0.1132948
0.3468732 0.1137084
0.3745667 0.1134062
0.4027489 0.1124314
0.4314318 0.1108414
0.4605627 0.1087047
0.4900022 0.1060769
0.5196557 0.1029854
0.5494676 0.0994589
0.5793743 0.0955252
0.6093182 0.0912006
0.6392742 0.0864928
0.6692314 0.0814096
0.6991853 0.0759588
0.7291275 0.0701504
0.7590399 0.0639967
0.7888818 0.0575133
0.8185881 0.0507173
0.8480456 0.0436388
0.8770103 0.0363458
0.9049760 0.0289898
0.9311286 0.0218152
0.9542030 0.0152664
0.9737087 0.0095288
0.9901233 0.0046354
1.0000000 0.0000000
